"k1" <-
3
"k2" <-
4
"k3" <-
10
"n" <-
10
